0.179592 0.190371 -0.0029 -0.00020201 0.000225555 -1.69823 0.321867
0.166758 0.131288 -0.0029 -0.00022001 0.000155556 -1.66343 0.220109
-0.0334459 0 -0.0034 -0.00107201 0 -0.947454 0
0.0209185 0 -0.0029 -0.000829011 0 -1.00782 0
0.218094 0.282269 -0.0029 -0.000148011 0.000334444 -1.80263 0.489289
0.20526 0.400432 -0.0029 -0.000166011 0.000474443 -1.76783 0.688425
0.106767 0 -0.00342 -0.000640011 0 -1.48244 0
0.189643 -0.622395 -0.0039 -0.00034901 -0.000395556 -2.138 -0.838358
0.160358 -0.532738 -0.0034 -0.00029501 -0.000738887 -1.86545 -0.936155
0.121839 0.196934 -0.0029 -0.000283009 0.000233333 -1.53583 0.319898
0.0655278 -0.571996 -0.0034 -0.000565009 -0.000793333 -1.45745 -0.909958
